-0.0455933 -0.0209045 0.0131836 0.0217896 0.0421143 0.0416718 0.0348053 0.00961304 0 0 
-0.0299683 -0.0107117 0.00549316 0.0100403 0.0166931 0.0383301 0.0320892 0.0223846 0.00639343 0 
-0.0104065 0.000396729 0.000991821 -0.00338745 -0.00138855 0.0163879 0.0327911 0.0303802 0.0223846 0.00961304 
0 0 0.00318909 -0.00639343 -0.00239563 -0.00239563 0.0159912 0.0327911 0.0320892 0.0348053 
0 0 0 0.00318909 -0.00639343 -0.00239563 -0.00239563 0.0163879 0.0383301 0.0416718 
0 0 0 0 0.00318909 -0.00639343 -0.00239563 -0.00138855 0.0166931 0.0421143 
0 0 0 0 0 0.00318909 -0.00639343 -0.00338745 0.0100403 0.0217896 
0 0 0 0 0 0 0.00318909 0.000991821 0.00549316 0.0131836 
0 0 0 0 0 0 0 0.000396729 -0.0107117 -0.0209045 
0 0 0 0 0 0 0 -0.0104065 -0.0299683 -0.0455933 
