-0.0321503 -0.0160065 0.00488281 0.0217743 0.0305634 0.0392303 0.029541 0.0166931 0.0039978 0 
-0.0241699 -0.0111389 0.00379944 0.0101166 0.0211487 0.0290222 0.032074 0.0201721 0.0102234 0.0039978 
-0.00999451 -0.00393677 0.00132751 -1.52588e-05 0.00517273 0.0167389 0.025528 0.0281372 0.0201721 0.0166931 
-0.00259399 0.000717163 -0.000442505 -0.00115967 -0.00378418 0.0050354 0.0153503 0.025528 0.032074 0.029541 
0 0 0.00126648 -0.00190735 -0.000961304 -0.00398254 0.0050354 0.0167389 0.0290222 0.0392303 
0 0 0 0.00126648 -0.00190735 -0.000961304 -0.00378418 0.00517273 0.0211487 0.0305634 
0 0 0 0 0.00126648 -0.00190735 -0.00115967 -1.52588e-05 0.0101166 0.0217743 
0 0 0 0 0 0.00126648 -0.000442505 0.00132751 0.00379944 0.00488281 
0 0 0 0 0 0 0.000717163 -0.00393677 -0.0111389 -0.0160065 
0 0 0 0 0 0 -0.00259399 -0.00999451 -0.0241699 -0.0321503 
