-0.0241089 -0.0135956 0.00360107 0.0168304 0.0281677 0.0320892 0.0293732 0.0175934 0.00772095 0.00265503 
-0.0193634 -0.0102844 0.00178528 0.0113525 0.0191956 0.0276337 0.0272675 0.0214539 0.0117035 0.00772095 
-0.0101624 -0.0045929 0.000137329 0.00308228 0.00784302 0.0162964 0.0235596 0.0238953 0.0214539 0.0175934 
-0.00296021 -0.00125122 0.000335693 -0.00144958 0.000854492 0.00585938 0.0152893 0.0235596 0.0272675 0.0293732 
-0.000640869 0.000396729 -0.000213623 -0.000289917 -0.00250244 0.000823975 0.00585938 0.0162964 0.0276337 0.0320892 
0 0 0.00050354 -0.00050354 -0.000259399 -0.00250244 0.000854492 0.00784302 0.0191956 0.0281677 
0 0 0 0.00050354 -0.00050354 -0.000289917 -0.00144958 0.00308228 0.0113525 0.0168304 
0 0 0 0 0.00050354 -0.000213623 0.000335693 0.000137329 0.00178528 0.00360107 
0 0 0 0 0 0.000396729 -0.00125122 -0.0045929 -0.0102844 -0.0135956 
0 0 0 0 0 -0.000640869 -0.00296021 -0.0101624 -0.0193634 -0.0241089 
