-0.0722198 -0.0229187 0.0174866 0.0412292 0.0374908 0.0687408 0.0224915 0 0 0 
-0.0416565 -0.0059967 0.016983 -0.00900269 0.0209961 0.0379944 0.0479889 0.0159912 0 0 
0 0 0.00799561 -0.019989 -0.0039978 0.0159912 0.0359955 0.0479889 0.0159912 0 
0 0 0 0.00799561 -0.019989 -0.0039978 0.0159912 0.0359955 0.0479889 0.0224915 
0 0 0 0 0.00799561 -0.019989 -0.0039978 0.0159912 0.0379944 0.0687408 
0 0 0 0 0 0.00799561 -0.019989 -0.0039978 0.0209961 0.0374908 
0 0 0 0 0 0 0.00799561 -0.019989 -0.00900269 0.0412292 
0 0 0 0 0 0 0 0.00799561 0.016983 0.0174866 
0 0 0 0 0 0 0 0 -0.0059967 -0.0229187 
0 0 0 0 0 0 0 0 -0.0416565 -0.0722198 
