-0.0190125 -0.0110931 0.00215149 0.0149841 0.0240631 0.0293121 0.0265808 0.0190277 0.00991821 0.00602722 
-0.015976 -0.00920105 0.00131226 0.010437 0.0188293 0.0244904 0.0258484 0.0203705 0.0140076 0.00991821 
-0.00926208 -0.00521851 0.000137329 0.00418091 0.00944519 0.0162354 0.0212555 0.0227814 0.0203705 0.0190277 
-0.00375366 -0.00160217 -0.000488281 0.00050354 0.00212097 0.0078125 0.0148163 0.0212555 0.0258484 0.0265808 
-0.000793457 -0.000335693 0.000137329 -0.000991821 -0.000274658 0.00149536 0.0078125 0.0162354 0.0244904 0.0293121 
-0.000152588 0.000167847 -3.05176e-05 0 -0.00125122 -0.000274658 0.00212097 0.00944519 0.0188293 0.0240631 
0 0 0.000198364 -9.15527e-05 0 -0.000991821 0.00050354 0.00418091 0.010437 0.0149841 
0 0 0 0.000198364 -3.05176e-05 0.000137329 -0.000488281 0.000137329 0.00131226 0.00215149 
0 0 0 0 0.000167847 -0.000335693 -0.00160217 -0.00521851 -0.00920105 -0.0110931 
0 0 0 0 -0.000152588 -0.000793457 -0.00375366 -0.00926208 -0.015976 -0.0190125 
