-0.0105438 -0.00642395 0.00160217 0.010498 0.0178986 0.022049 0.0222778 0.019043 0.0149841 0.0127869 
-0.00964355 -0.00595093 0.000976562 0.00868225 0.0153656 0.019928 0.0212097 0.0195923 0.0166016 0.0149841 
-0.00692749 -0.0043335 0.000213623 0.00537109 0.0104675 0.0150909 0.0183716 0.0196533 0.0195923 0.019043 
-0.00386047 -0.00245667 -0.000183105 0.00230408 0.00553894 0.00959778 0.0141907 0.0183716 0.0212097 0.0222778 
-0.00166321 -0.000991821 -0.000305176 0.000595093 0.00202942 0.00506592 0.00959778 0.0150909 0.019928 0.022049 
-0.000488281 -0.000289917 -0.000106812 -0.000106812 0.000457764 0.00202942 0.00553894 0.0104675 0.0153656 0.0178986 
-9.15527e-05 0 -4.57764e-05 -6.10352e-05 -0.000106812 0.000595093 0.00230408 0.00537109 0.00868225 0.010498 
0 0 3.05176e-05 -4.57764e-05 -0.000106812 -0.000305176 -0.000183105 0.000213623 0.000976562 0.00160217 
0 0 0 0 -0.000289917 -0.000991821 -0.00245667 -0.0043335 -0.00595093 -0.00642395 
0 0 0 -9.15527e-05 -0.000488281 -0.00166321 -0.00386047 -0.00692749 -0.00964355 -0.0105438 
