-0.0126495 -0.00770569 0.00160217 0.0116119 0.0195618 0.0240021 0.0234833 0.0191956 0.0136719 0.0110321 
-0.0113068 -0.00694275 0.000930786 0.00923157 0.016449 0.0211945 0.0224762 0.0198212 0.016037 0.0136719 
-0.00769043 -0.004776 0.000106812 0.00520325 0.0104523 0.0155182 0.0190887 0.020462 0.0198212 0.0191956 
-0.00396729 -0.00236511 -0.000366211 0.00189209 0.00476074 0.00921631 0.0143738 0.0190887 0.0224762 0.0234833 
-0.00143433 -0.000869751 -0.000213623 6.10352e-05 0.00138855 0.00413513 0.00921631 0.0155182 0.0211945 0.0240021 
-0.00038147 -0.000106812 -0.000152588 -0.000152588 -0.000167847 0.00138855 0.00476074 0.0104523 0.016449 0.0195618 
-3.05176e-05 0 6.10352e-05 -0.000167847 -0.000152588 6.10352e-05 0.00189209 0.00520325 0.00923157 0.0116119 
0 1.52588e-05 1.52588e-05 6.10352e-05 -0.000152588 -0.000213623 -0.000366211 0.000106812 0.000930786 0.00160217 
0 0 1.52588e-05 0 -0.000106812 -0.000869751 -0.00236511 -0.004776 -0.00694275 -0.00770569 
0 0 0 -3.05176e-05 -0.00038147 -0.00143433 -0.00396729 -0.00769043 -0.0113068 -0.0126495 
