-0.00886536 -0.00532532 0.00166321 0.00965881 0.016449 0.0205383 0.0211334 0.0189667 0.0158539 0.0142517 
-0.008255 -0.00506592 0.00109863 0.00817871 0.0144653 0.0187225 0.0202637 0.0192108 0.0171509 0.0158539 
-0.00617981 -0.00389099 0.000396729 0.00540161 0.0103607 0.014679 0.0177002 0.019104 0.0192108 0.0189667 
-0.00372314 -0.00236511 -7.62939e-05 0.00271606 0.00598145 0.0098877 0.0140228 0.0177002 0.0202637 0.0211334 
-0.0017395 -0.00112915 -0.000198364 0.000900269 0.00273132 0.00566101 0.0098877 0.014679 0.0187225 0.0205383 
-0.00062561 -0.000366211 -0.000167847 0.000152588 0.000854492 0.00273132 0.00598145 0.0103607 0.0144653 0.016449 
-0.000137329 -7.62939e-05 -3.05176e-05 -6.10352e-05 0.000152588 0.000900269 0.00271606 0.00540161 0.00817871 0.00965881 
-1.52588e-05 0 0 -3.05176e-05 -0.000167847 -0.000198364 -7.62939e-05 0.000396729 0.00109863 0.00166321 
0 0 0 -7.62939e-05 -0.000366211 -0.00112915 -0.00236511 -0.00389099 -0.00506592 -0.00532532 
0 0 -1.52588e-05 -0.000137329 -0.00062561 -0.0017395 -0.00372314 -0.00617981 -0.008255 -0.00886536 
