-0.0153503 -0.00927734 0.00183105 0.0129089 0.0217896 0.0261078 0.0251923 0.0189667 0.0122375 0.00862122 
-0.0133514 -0.00802612 0.000961304 0.00994873 0.0174408 0.022934 0.0236969 0.020401 0.0149078 0.0122375 
-0.00854492 -0.00502014 -1.52588e-05 0.00492859 0.0101624 0.0158386 0.0201874 0.0211945 0.020401 0.0189667 
-0.00384521 -0.00227356 -0.000259399 0.00105286 0.00392151 0.00848389 0.0145874 0.0201874 0.0236969 0.0251923 
-0.00125122 -0.000473022 -0.000335693 -0.00012207 0.000213623 0.00331116 0.00848389 0.0158386 0.022934 0.0261078 
-0.000183105 -6.10352e-05 9.15527e-05 -0.000473022 -0.000350952 0.000213623 0.00392151 0.0101624 0.0174408 0.0217896 
-3.05176e-05 6.10352e-05 1.52588e-05 6.10352e-05 -0.000473022 -0.00012207 0.00105286 0.00492859 0.00994873 0.0129089 
0 0 7.62939e-05 1.52588e-05 9.15527e-05 -0.000335693 -0.000259399 -1.52588e-05 0.000961304 0.00183105 
0 0 0 6.10352e-05 -6.10352e-05 -0.000473022 -0.00227356 -0.00502014 -0.00802612 -0.00927734 
0 0 0 -3.05176e-05 -0.000183105 -0.00125122 -0.00384521 -0.00854492 -0.0133514 -0.0153503 
